10000, 0, 1, 100, 1, 0, Default, 1, 0, 1




1089, 100, 10, 33.33333, 3, 0, Default, 1, 0, 1

-3741.249, -3490.741, -4763.091, -5783.188, -4627.205, -3340.657, -3915.223, -3824.673, -4631.833, -4576.262, -4280.709, -4069.685, -5080.014, -2868.643, -4279.497, -4734.515, -3399.206, -4706.906, -4595.697, -4168.232, -4113.976, -4702.151, -3352.105, -4474.154, -3815.227, -3473.944, -4784.159, -3747.124, -3375.089, -4341.057, -4131.329, -3944.728, -4328.825, -3286.177, -3807.89, -4488.057, -3710.282, -2855.735, -4189.556, -3591.587, -3880.529, -3840.497, -2908.327, -4719.093, -4101.886, -3279.082, -3208.104, -3680.184, -3374.654, -3781.556, -3363.459, -2693.6, -3602.396, -4048.04, -3400.437, -4340.402, -2656.49, -2769.408, -3397.336, -3363.174, -2845.751, -3187.217, -2959.638, -3821.708, -4386.53, -3333.685, -2976.545, -3842.735, -3591.342, -3563.972, -3008.142, -2641.57, -3930.242, -2872.661, -3516.425, -3858.684, -4412.332, -4267.479, -4210.791, -3903.653, -2247.957, -3563.387, -3638.584, -4091.025, -4343.065, -3283.729, -2692.768, -4284.633, -4025.306, -4174.444, -3965.704, -4117.489, -3052.822, -4242.227, -4478.47, -2906.546, -4095.176, -3369.689, -4499.217, -3850.506, 


840, 25, 5, 29.33333, 1, 0, Default, 1, 0, 1

-9673.34, -7957.164, -9119.708, -10645.79, -7005.846, -9376.211, -8965.773, -6936.035, -8860.845, -8501.337, -6909.421, -7885.698, -7956.399, -7598.183, -8001.4, -7412.678, -8113.788, -6638.721, -5839.061, -7474.374, -4664.609, -6359.896, -6261.807, -5569.182, -5340.193, 


196, 4, 2, 14.66667, 2, 0, HypTan, 1, 0, 1

-42480.77, -99907.08, -59437.09, -71409.46, 


99, 25, 5, 10.66667, 1, 1, Default, 1, 0, 1

0.8945898, 1.301742, -0.6623353, -0.5121225, -1.257265, -0.1518168, -0.3937007, -3.028865, 1.851883E-06, 0.3596103, 1.660589, 0.5675886, 0.6056442, 0.1550843, -0.5874016, -0.09085999, 1.372298, -0.4430921, 0.9208866, 0.8066148, -0.2181011, -0.1816153, -2.353387, 0.6092536, -2.142287, 


80, 4, 2, 9.666666, 1, 0, HypTan, 1, 0, 1

-1.46422, -0.190556, 0.2242347, -0.04998908, 


