0.005, 0, 1, 1
10, Default

1, 1
1.852542, 

10
0.2116783, 0.1952852, 0.2203966, 0.1449791, 0.2970583, 0.1375269, 0.1559837, 0.2394628, 0.2433719, 0.1470895, 

5, Sigmoid

5, 10
0.3171243, 1.287877, 1.574566, 1.264003, -1.151319, 1.207073, 0.3802225, 0.2206259, 0.4038063, 0.8296403, 
-0.09683742, 0.7978838, -0.9137147, 1.404067, 0.4676031, 0.7488416, -0.526217, 0.8812839, 1.204296, -0.6056448, 
-1.043733, 0.3987135, 0.1216429, -0.914569, 0.161424, -0.04872979, 0.6016883, -0.427201, 0.7788102, -1.351058, 
-0.9299335, -1.026989, -0.603322, -0.8752505, -2.08857E-06, -0.298386, -0.7608737, 1.784332, 0.4086644, 0.4761093, 
0.6335686, 1.276195, 1.538778, -0.3228243, 1.075246, -0.6920626, -0.2760746, -0.1626216, 1.054552, -1.42693, 

5
0.1755498, 0.197504, 0.1881454, 0.2280245, 0.2553592, 

5, HypTan

5, 5
-0.522264, -0.2013416, -0.4762279, 0.9320589, 1.337072, 
-0.366657, 0.9205979, -1.034181, -0.5402943, 0.3512634, 
0.1143845, 1.403918, -0.9267614, -0.1425993, 1.761275, 
-1.199191, 0.190578, 1.341143, 0.3752207, 0.8478232, 
0.7440308, -1.168575, 0.6427957, -0.810947, -2.090602, 

5
0.3001966, 0.1579041, 0.2220322, 0.2156117, 0.1614749, 

5, Sigmoid

5, 5
1.216313, -0.3044979, 1.842474, -0.2536416, 0.1699691, 
-1.83985, -0.5992162, 0.1351875, 0.1869616, -2.008351, 
0.208646, 0.7611175, -2.811463, -1.318054, -0.1611302, 
-1.603443, 0.7240914, 0.3520654, -1.051809, 1.961443, 
1.109452, 0.4618822, -0.6612749, 0.3065382, -0.5337381, 

5
0.2663283, 0.2323827, 0.1811012, 0.1688077, 0.2605101, 

7, Sigmoid

7, 5
-0.7728674, -2.137759, -0.3744791, -0.2230406, 0.3090264, 
1.96932, -1.706228, 0.4684729, 1.069759, 1.023416, 
-2.566665, 1.041524, -0.2232955, 1.525101, -1.108172, 
-1.737546, -0.3478204, 2.1723, 1.367451, -0.9837463, 
-1.662115, -0.1134902, 0.9093405, -0.3152673, -1.657958, 
-0.8834639, -0.1661178, 1.672286, -0.3306311, -0.7677287, 
-0.7831646, -0.3480884, -0.9041182, 0.6537386, -0.9865157, 

7
0.1147936, 0.1547159, 0.1300035, 0.1263544, 0.1343312, 0.1139723, 0.1153766, 

5, HypTan

5, 7
0.602457, -0.2748985, 0.6598098, 0.6607233, 0.7763634, 0.3607025, 0.4521276, 
0.7820767, 0.04187025, 0.8160684, 0.8219408, 0.8803396, 0.6377143, 0.6974094, 
0.4235524, -0.3684092, 0.4375475, 0.4415805, 0.6297288, 0.1042373, 0.1944223, 
0.8554675, 0.2828033, 0.8771355, 0.8829578, 0.9203486, 0.7579848, 0.7989622, 
0.4308861, -0.3602695, 0.4485875, 0.4525053, 0.6364603, 0.1162703, 0.205566, 

5
0.09007533, 0.1123817, 0.07821034, 0.1299231, 0.07388017, 

